1 6.17838E-4
2 2.34512E-4
3 4.27971E-4
4 0.001121243
5 0.002254288
6 0.001390136
7 0.001861726
8 0.002375393
9 0.001986421
10 0.002612984
11 0.002628379
12 0.002779246
13 0.00312152
14 0.00382095
15 0.004942194
16 0.004250974
17 0.012065294
18 0.01922996
19 0.00603316
20 0.006001857
21 0.007524901
22 0.008257686
23 0.039249152
24 0.007945174
25 0.008735433
26 0.015517285
27 0.009834097
28 0.010970735
29 0.014086611
30 0.020169033
31 0.028900874
32 0.016911014
33 0.025791669
34 0.021640248
35 0.036750088
36 0.045551718
37 0.031589804
38 0.04483946
39 0.048002545
40 0.083970586
41 0.084847054
42 0.075094549
43 0.111304798
44 0.162039892
45 0.141972464
46 0.158145561
47 0.177599771
48 0.260862203
49 0.294015589
50 0.398416404
51 0.406559657
52 0.573216403
53 0.639857754
54 0.670323749
55 0.707712202
56 0.897311583
57 1.154622241
58 1.244521304
59 1.354686899
60 1.793942721
61 1.951331893
62 2.108070897
63 2.662432969
64 2.838299303
65 3.416200294
66 3.55895378
67 4.148446937
68 4.991336409
69 5.341013378
70 5.937237585
71 7.075751387
72 9.168126421
73 11.991354369
74 13.983146459
75 17.031487174
76 19.004741036
77 23.851251328
78 29.680036229
79 35.110091701
80 45.235278361
