6.17838E-4
2.34512E-4
4.27971E-4
0.001121243
0.002254288
0.001390136
0.001861726
0.002375393
0.001986421
0.002612984
0.002628379
0.002779246
0.00312152
0.00382095
0.004942194
0.004250974
0.012065294
0.01922996
0.00603316
0.006001857
0.007524901
0.008257686
0.039249152
0.007945174
0.008735433
0.015517285
0.009834097
0.010970735
0.014086611
0.020169033
0.028900874
0.016911014
0.025791669
0.021640248
0.036750088
0.045551718
0.031589804
0.04483946
0.048002545
0.083970586
0.084847054
0.075094549
0.111304798
0.162039892
0.141972464
0.158145561
0.177599771
0.260862203
0.294015589
0.398416404
0.406559657
0.573216403
0.639857754
0.670323749
0.707712202
0.897311583
1.154622241
1.244521304
1.354686899
1.793942721
1.951331893
2.108070897
2.662432969
2.838299303
3.416200294
3.55895378
4.148446937
4.991336409
5.341013378
5.937237585
7.075751387
9.168126421
11.991354369
13.983146459
17.031487174
19.004741036
23.851251328
29.680036229
35.110091701
45.235278361
