0.001016046
7.76403E-4
0.002075198
0.002236328
0.003070204
0.004694339
0.001826318
0.002654036
0.003358598
0.005416348
0.005349638
0.004192988
0.003933331
0.005041745
0.037183191
0.012215135
0.009069496
0.009235758
0.010538146
0.018682424
0.016177203
0.02566492
0.028167575
0.050917777
0.05737429
0.076236318
0.155135396
0.242013516
0.192615703
0.306533999
0.263298661
0.264425549
0.538680064
0.55685857
0.602199894
0.809454876
0.823030384
0.929612106
0.986836042
1.538643116
1.623014989
1.676360501
1.67688084
1.822663479
1.906511934
2.194122839
2.547917875
2.962856322
3.248404346
3.321318499
3.459487461
3.56830859
3.576784368
3.870259605
3.952110348
4.044715789
4.459206253
4.599858369
5.176818235
5.696827678
5.662566389
5.526954992
5.73514494
6.090465585
6.090578479
6.395140938
6.473965608
6.734020105
6.869297953
7.289511118
7.307649598
7.603855845
7.864988479
8.155617248
8.15732708
8.550994751
8.781291405
9.151641325
9.408063713
9.828525245
